0 10 11 5.0   9  10
0 11 11 2.0   10
0 12 12 5.0   10 11
0 13 12 5.0   9  10 11
0 14 13 5.0   10 11 12
0 15 13 5.0   10 11 12
0 16 14 5.0   11 12 13
0 17 15 5.0   11 12 13 14
0 18 16 5.0   11 12 13 14 15
1 10 11 5.0   8  9  10
1 11 11 2.0   9  10
1 12 11 5.0   9  10
1 13 12 5.0   10 11
1 14 12 5.0   10 11
1 15 13 5.0   11 12
1 16 14 5.0   11 12 13
1 17 15 5.0   11 12 13 14
1 18 16 5.0   11 12 13 14 15
2 10 11 5.0   8  9  10
2 11 11 5.0   8  9  10
2 12 11 5.0   8  9  10
2 13 11 5.0   8  9  10
2 14 12 5.0   9  10 11
2 15 12 5.0   9  10 11
2 16 14 5.0   11 12 13
2 17 15 5.0   11 12 13 14
2 18 16 5.0   11 12 13 14 15
3 10 -1 0.0  10 11
3 11 -1 0.0  11
3 10 9  5.0   7  8
3 11 10 5.0   8  9
3 12 11 5.0   8  9  10
3 13 11 5.0   9  10
3 14 11 5.0   9  10
3 15 12 5.0   9  10 11
3 16 13 5.0   9  10 11 12
3 17 13 5.0   9  10 11 12
3 18 14 5.0   10 11 12 13
4 10 -1 0.0  10 11
4 11 -1 0.0  9  10 11
4 12 -1 0.0  11
4 13 -1 0.0  11
4 12 10 5.0   8  9
4 13 10 5.0   8  9
4 14 11 5.0   9  10
4 15 12 5.0   9  10 11
4 16 12 5.0   9  10 11
4 17 12 5.0   9  10 11
4 18 13 5.0   9  10 11 12
5 11 -1 0.0  8  9  10 11
5 12 -1 0.0  10 11
5 15 -1 0.0  11
5 16 12 5.0   10 11
5 17 12 5.0   9  10 11
5 18 13 5.0   10 11 12
6 0  -1 0.0   8  9 10
6 11 -1 0.0   8  9  10 11
