2.200000000000    0.000000000000   2.10
2.200000000000    0.087266462600   2.20
2.200000000000    0.174532925199   2.20
2.200000000000    0.261799387799   2.20
2.200000000000    0.349065850399   2.20
2.200000000000    0.436332312999   2.30
2.200000000000    0.523598775598   2.30
2.200000000000    0.610865238198   2.40
2.200000000000    0.698131700798   2.40
2.200000000000    0.785398163397   2.40
2.200000000000    0.872664625997   2.40
2.200000000000    0.959931088597   2.30
2.200000000000    1.047197551197   2.80
2.200000000000    1.134464013796   2.90
2.200000000000    1.221730476396   3.00
2.200000000000    1.308996938996   3.10
2.200000000000    1.396263401595   3.40
2.200000000000    1.483529864195   3.40
2.200000000000    1.570796326795   3.50
2.250000000000    0.000000000000   2.30
2.250000000000    0.087266462600   2.30
2.250000000000    0.174532925199   2.20
2.250000000000    0.261799387799   2.20
2.250000000000    0.349065850399   2.20
2.250000000000    0.436332312999   2.20
2.250000000000    0.523598775598   2.30
2.250000000000    0.610865238198   2.30
2.250000000000    0.698131700798   2.30
2.250000000000    0.785398163397   2.40
2.250000000000    0.872664625997   2.40
2.250000000000    0.959931088597   2.40
2.250000000000    1.047197551197   2.50
2.250000000000    1.134464013796   2.60
2.250000000000    1.221730476396   2.60
2.250000000000    1.308996938996   2.70
2.250000000000    1.396263401595   3.00
2.250000000000    1.483529864195   3.10
2.250000000000    1.570796326795   3.30
2.300000000000    0.000000000000   2.40
2.300000000000    0.087266462600   2.40
2.300000000000    0.174532925199   2.20
2.300000000000    0.261799387799   2.20
2.300000000000    0.349065850399   2.30
2.300000000000    0.436332312999   2.30
2.300000000000    0.523598775598   2.40
2.300000000000    0.610865238198   2.40
2.300000000000    0.698131700798   2.40
2.300000000000    0.785398163397   2.40
2.300000000000    0.872664625997   2.40
2.300000000000    0.959931088597   2.40
2.300000000000    1.047197551197   2.60
2.300000000000    1.134464013796   2.70
2.300000000000    1.221730476396   2.80
2.300000000000    1.308996938996   2.80
2.300000000000    1.396263401595   2.90
2.300000000000    1.483529864195   3.10
2.300000000000    1.570796326795   3.20
2.350000000000    0.000000000000   2.30
2.350000000000    0.087266462600   2.20
2.350000000000    0.174532925199   2.00
2.350000000000    0.261799387799   2.10
2.350000000000    0.349065850399   2.20
2.350000000000    0.436332312999   2.20
2.350000000000    0.523598775598   2.30
2.350000000000    0.610865238198   2.30
2.350000000000    0.698131700798   2.30
2.350000000000    0.785398163397   2.70
2.350000000000    0.872664625997   2.30
2.350000000000    0.959931088597   2.30
2.350000000000    1.047197551197   2.30
2.350000000000    1.134464013796   2.40
2.350000000000    1.221730476396   2.50
2.350000000000    1.308996938996   2.70
2.350000000000    1.396263401595   2.80
2.350000000000    1.483529864195   3.00
2.350000000000    1.570796326795   3.20
2.450000000000    0.000000000000   2.10
2.450000000000    0.087266462600   2.10
2.450000000000    0.174532925199   2.20
2.450000000000    0.261799387799   2.20
2.450000000000    0.349065850399   2.20
2.450000000000    0.436332312999   2.20
2.450000000000    0.523598775598   2.40
2.450000000000    0.610865238198   2.40
2.450000000000    0.698131700798   2.40
2.450000000000    0.785398163397   2.40
2.450000000000    0.872664625997   2.40
2.450000000000    0.959931088597   2.75
2.450000000000    1.047197551197   2.70
2.450000000000    1.134464013796   2.70
2.450000000000    1.221730476396   2.70
2.450000000000    1.308996938996   2.80
2.450000000000    1.396263401595   2.80
2.450000000000    1.483529864195   3.00
2.450000000000    1.570796326795   3.20
2.550000000000    0.000000000000   2.10
2.550000000000    0.087266462600   2.10
2.550000000000    0.174532925199   2.10
2.550000000000    0.261799387799   2.10
2.550000000000    0.349065850399   2.10
2.550000000000    0.436332312999   2.10
2.550000000000    0.523598775598   2.10
2.550000000000    0.610865238198   2.10
2.550000000000    0.698131700798   2.20
2.550000000000    0.785398163397   2.45
2.550000000000    0.872664625997   2.30
2.550000000000    0.959931088597   1.85
2.550000000000    1.047197551197   2.10
2.550000000000    1.134464013796   2.40
2.550000000000    1.221730476396   2.50
2.550000000000    1.308996938996   2.60
2.550000000000    1.396263401595   2.80
2.550000000000    1.483529864195   3.00
2.550000000000    1.570796326795   3.20
2.650000000000    0.000000000000   1.80
2.650000000000    0.087266462600   1.80
2.650000000000    0.174532925199   2.00
2.650000000000    0.261799387799   2.00
2.650000000000    0.349065850399   2.00
2.650000000000    0.436332312999   2.10
2.650000000000    0.523598775598   2.10
2.650000000000    0.610865238198   2.10
2.650000000000    0.698131700798   2.20
2.650000000000    0.785398163397   2.20
2.650000000000    0.872664625997   2.40
2.650000000000    0.959931088597   2.40
2.650000000000    1.047197551197   2.40
2.650000000000    1.134464013796   2.50
2.650000000000    1.221730476396   2.50
2.650000000000    1.308996938996   2.60
2.650000000000    1.396263401595   2.70
2.650000000000    1.483529864195   2.80
2.650000000000    1.570796326795   2.90
2.800000000000    0.000000000000   1.70
2.800000000000    0.087266462600   1.80
2.800000000000    0.174532925199   1.80
2.800000000000    0.261799387799   1.90
2.800000000000    0.349065850399   1.90
2.800000000000    0.436332312999   1.90
2.800000000000    0.523598775598   1.90
2.800000000000    0.610865238198   2.00
2.800000000000    0.698131700798   2.30
2.800000000000    0.785398163397   1.90
2.800000000000    0.872664625997   2.20
2.800000000000    0.959931088597   2.20
2.800000000000    1.047197551197   2.30
2.800000000000    1.134464013796   2.40
2.800000000000    1.221730476396   2.20
2.800000000000    1.308996938996   2.30
2.800000000000    1.396263401595   2.40
2.800000000000    1.483529864195   2.40
2.800000000000    1.570796326795   2.60
2.950000000000    0.000000000000   0.00    1.4    
2.950000000000    0.087266462600   1.60
2.950000000000    0.174532925199   1.70
2.950000000000    0.261799387799   1.90
2.950000000000    0.349065850399   2.00
2.950000000000    0.436332312999   2.00
2.950000000000    0.523598775598   2.00
2.950000000000    0.610865238198   2.20
2.950000000000    0.698131700798   2.20
2.950000000000    0.785398163397   1.90
2.950000000000    0.872664625997   2.20
2.950000000000    0.959931088597   0.00    1.3
2.950000000000    1.047197551197   2.20
2.950000000000    1.134464013796   2.30
2.950000000000    1.221730476396   2.60
2.950000000000    1.308996938996   2.20
2.950000000000    1.396263401595   2.20
2.950000000000    1.483529864195   2.80
2.950000000000    1.570796326795   2.90
3.150000000000    0.000000000000   0.00    1.3
3.150000000000    0.087266462600   0.00    1.3
3.150000000000    0.174532925199   0.00    1.3
3.150000000000    0.261799387799   0.00    1.3
3.150000000000    0.349065850399   0.00    1.3
3.150000000000    0.436332312999   0.00    1.3
3.150000000000    0.523598775598   0.00    1.3
3.150000000000    0.610865238198   0.00    1.3
3.150000000000    0.698131700798   0.00    1.25
3.150000000000    0.785398163397   0.00    1.25
3.150000000000    0.872664625997   0.00    1.3
3.150000000000    0.959931088597   0.00    1.2
3.150000000000    1.047197551197   1.60
3.150000000000    1.134464013796   1.80
3.150000000000    1.221730476396   2.00
3.150000000000    1.308996938996   2.10
3.150000000000    1.396263401595   2.60
3.150000000000    1.483529864195   2.90
3.150000000000    1.570796326795   3.00
3.350000000000    0.000000000000   0.00    1.15
3.350000000000    0.087266462600   0.00    1.15
3.350000000000    0.174532925199   0.00    1.15
3.350000000000    0.261799387799   0.00    1.15
3.350000000000    0.349065850399   0.00    1.15
3.350000000000    0.436332312999   0.00    1.1
3.350000000000    0.523598775598   0.00    1.1
3.350000000000    0.610865238198   0.00    1.1
3.350000000000    0.698131700798   0.00    1.1
3.350000000000    0.785398163397   0.00    1.0
3.350000000000    0.872664625997   0.00    2.0
3.350000000000    0.959931088597   0.00    2.0
3.350000000000    1.047197551197   0.00    1.5
3.350000000000    1.134464013796   0.00    1.8
3.350000000000    1.221730476396   0.00    2.2
3.350000000000    1.308996938996   0.00    2.5
3.350000000000    1.396263401595   0.00    2.8
3.350000000000    1.483529864195   0.00    3.0
3.350000000000    1.570796326795   0.00    3.1
3.600000000000    0.000000000000   0.00    1.0
3.600000000000    0.087266462600   0.00    1.0
3.600000000000    0.174532925199   0.00    1.0
3.600000000000    0.261799387799   0.00    1.0
3.600000000000    0.349065850399   0.00    1.0
3.600000000000    0.436332312999   0.00    1.0
3.600000000000    0.523598775598   0.00    1.0
3.600000000000    0.610865238198   0.00    1.0
3.600000000000    0.698131700798   0.00    1.0
3.600000000000    0.785398163397   0.00    1.0
3.600000000000    0.872664625997   0.00    2.8
3.600000000000    0.959931088597   0.00    2.4
3.600000000000    1.047197551197   0.00    1.4
3.600000000000    1.134464013796   0.00    1.4
3.600000000000    1.221730476396   0.00    1.4
3.600000000000    1.308996938996   0.00    1.4
3.600000000000    1.396263401595   0.00    1.6
3.600000000000    1.483529864195   0.00    1.9
3.600000000000    1.570796326795   0.00    2.1
3.850000000000    0.000000000000   0.00    1.0
3.850000000000    0.087266462600   0.00    1.0
3.850000000000    0.174532925199   0.00    1.0
3.850000000000    0.261799387799   0.00    1.0
3.850000000000    0.349065850399   0.00    1.0
3.850000000000    0.436332312999   0.00    1.0
3.850000000000    0.523598775598   0.00    1.0
3.850000000000    0.610865238198   0.00    1.0
3.850000000000    0.698131700798   0.00    1.0
3.850000000000    0.785398163397   0.00    1.0
3.850000000000    0.872664625997   0.00    1.0
3.850000000000    0.959931088597   0.00    1.0
3.850000000000    1.047197551197   0.00    1.0
3.850000000000    1.134464013796   0.00    1.0
3.850000000000    1.221730476396   0.00    1.0
3.850000000000    1.308996938996   0.00    1.0
3.850000000000    1.396263401595   0.00    1.0
3.850000000000    1.483529864195   0.00    1.0
3.850000000000    1.570796326795   0.00    1.0
4.150000000000    0.000000000000   0.00    1.0
4.150000000000    0.087266462600   0.00    1.0
4.150000000000    0.174532925199   0.00    1.0
4.150000000000    0.261799387799   0.00    1.0
4.150000000000    0.349065850399   0.00    1.0
4.150000000000    0.436332312999   0.00    1.0
4.150000000000    0.523598775598   0.00    1.0
4.150000000000    0.610865238198   0.00    1.0
4.150000000000    0.698131700798   0.00    1.0
4.150000000000    0.785398163397   0.00    1.0
4.150000000000    0.872664625997   0.00    1.0
4.150000000000    0.959931088597   0.00    1.0
4.150000000000    1.047197551197   0.00    1.0
4.150000000000    1.134464013796   0.00    1.0
4.150000000000    1.221730476396   0.00    1.0
4.150000000000    1.308996938996   0.00    1.0
4.150000000000    1.396263401595   0.00    1.0
4.150000000000    1.483529864195   0.00    1.0
4.150000000000    1.570796326795   0.00    1.0
4.450000000000    0.000000000000   0.00    1.0
4.450000000000    0.087266462600   0.00    1.0
4.450000000000    0.174532925199   0.00    1.0
4.450000000000    0.261799387799   0.00    1.0
4.450000000000    0.349065850399   0.00    1.0
4.450000000000    0.436332312999   0.00    1.0
4.450000000000    0.523598775598   0.00    1.0
4.450000000000    0.610865238198   0.00    1.0
4.450000000000    0.698131700798   0.00    1.0
4.450000000000    0.785398163397   0.00    1.0
4.450000000000    0.872664625997   0.00    1.0
4.450000000000    0.959931088597   0.00    1.0
4.450000000000    1.047197551197   0.00    1.0
4.450000000000    1.134464013796   0.00    1.0
4.450000000000    1.221730476396   0.00    1.0
4.450000000000    1.308996938996   0.00    1.0
4.450000000000    1.396263401595   0.00    1.0
4.450000000000    1.483529864195   0.00    1.0
4.450000000000    1.570796326795   0.00    1.0
4.750000000000    0.000000000000   0.00    1.0
4.750000000000    0.087266462600   0.00    1.0
4.750000000000    0.174532925199   0.00    1.0
4.750000000000    0.261799387799   0.00    1.0
4.750000000000    0.349065850399   0.00    1.0
4.750000000000    0.436332312999   0.00    1.0
4.750000000000    0.523598775598   0.00    1.0
4.750000000000    0.610865238198   0.00    1.0
4.750000000000    0.698131700798   0.00    1.0
4.750000000000    0.785398163397   0.00    1.0
4.750000000000    0.872664625997   0.00    1.0
4.750000000000    0.959931088597   0.00    1.0
4.750000000000    1.047197551197   0.00    1.0
4.750000000000    1.134464013796   0.00    1.0
4.750000000000    1.221730476396   0.00    1.0
4.750000000000    1.308996938996   0.00    1.0
4.750000000000    1.396263401595   0.00    1.0
4.750000000000    1.483529864195   0.00    1.0
4.750000000000    1.570796326795   0.00    1.0
5.050000000000    0.000000000000   0.00    1.0
5.050000000000    0.087266462600   0.00    1.0
5.050000000000    0.174532925199   0.00    1.0
5.050000000000    0.261799387799   0.00    1.0
5.050000000000    0.349065850399   0.00    1.0
5.050000000000    0.436332312999   0.00    1.0
5.050000000000    0.523598775598   0.00    1.0
5.050000000000    0.610865238198   0.00    1.0
5.050000000000    0.698131700798   0.00    1.0
5.050000000000    0.785398163397   0.00    1.0
5.050000000000    0.872664625997   0.00    1.0
5.050000000000    0.959931088597   0.00    1.0
5.050000000000    1.047197551197   0.00    1.0
5.050000000000    1.134464013796   0.00    1.0
5.050000000000    1.221730476396   0.00    1.0
5.050000000000    1.308996938996   0.00    1.0
5.050000000000    1.396263401595   0.00    1.0
5.050000000000    1.483529864195   0.00    1.0
5.050000000000    1.570796326795   0.00    1.0
5.350000000000    0.000000000000   0.00    1.0
5.350000000000    0.087266462600   0.00    1.0
5.350000000000    0.174532925199   0.00    1.0
5.350000000000    0.261799387799   0.00    1.0
5.350000000000    0.349065850399   0.00    1.0
5.350000000000    0.436332312999   0.00    1.0
5.350000000000    0.523598775598   0.00    1.0
5.350000000000    0.610865238198   0.00    1.0
5.350000000000    0.698131700798   0.00    1.0
5.350000000000    0.785398163397   0.00    1.0
5.350000000000    0.872664625997   0.00    1.0
5.350000000000    0.959931088597   0.00    1.0
5.350000000000    1.047197551197   0.00    1.0
5.350000000000    1.134464013796   0.00    1.0
5.350000000000    1.221730476396   0.00    1.0
5.350000000000    1.308996938996   0.00    1.0
5.350000000000    1.396263401595   0.00    1.0
5.350000000000    1.483529864195   0.00    1.0
5.350000000000    1.570796326795   0.00    1.0
5.650000000000    0.000000000000   0.00    1.0
5.650000000000    0.087266462600   0.00    1.0
5.650000000000    0.174532925199   0.00    1.0
5.650000000000    0.261799387799   0.00    1.0
5.650000000000    0.349065850399   0.00    1.0
5.650000000000    0.436332312999   0.00    1.0
5.650000000000    0.523598775598   0.00    1.0
5.650000000000    0.610865238198   0.00    1.0
5.650000000000    0.698131700798   0.00    1.0
5.650000000000    0.785398163397   0.00    1.0
5.650000000000    0.872664625997   0.00    1.0
5.650000000000    0.959931088597   0.00    1.0
5.650000000000    1.047197551197   0.00    1.0
5.650000000000    1.134464013796   0.00    1.0
5.650000000000    1.221730476396   0.00    1.0
5.650000000000    1.308996938996   0.00    1.0
5.650000000000    1.396263401595   0.00    1.0
5.650000000000    1.483529864195   0.00    1.0
5.650000000000    1.570796326795   0.00    1.0
5.950000000000    0.000000000000   0.00    1.0
5.950000000000    0.087266462600   0.00    1.0
5.950000000000    0.174532925199   0.00    1.0
5.950000000000    0.261799387799   0.00    1.0
5.950000000000    0.349065850399   0.00    1.0
5.950000000000    0.436332312999   0.00    1.0
5.950000000000    0.523598775598   0.00    1.0
5.950000000000    0.610865238198   0.00    1.0
5.950000000000    0.698131700798   0.00    1.0
5.950000000000    0.785398163397   0.00    1.0
5.950000000000    0.872664625997   0.00    1.0
5.950000000000    0.959931088597   0.00    1.0
5.950000000000    1.047197551197   0.00    1.0
5.950000000000    1.134464013796   0.00    1.0
5.950000000000    1.221730476396   0.00    1.0
5.950000000000    1.308996938996   0.00    1.0
5.950000000000    1.396263401595   0.00    1.0
5.950000000000    1.483529864195   0.00    1.0
5.950000000000    1.570796326795   0.00    1.0
6.250000000000    0.000000000000   0.00    1.0
6.250000000000    0.087266462600   0.00    1.0
6.250000000000    0.174532925199   0.00    1.0
6.250000000000    0.261799387799   0.00    1.0
6.250000000000    0.349065850399   0.00    1.0
6.250000000000    0.436332312999   0.00    1.0
6.250000000000    0.523598775598   0.00    1.0
6.250000000000    0.610865238198   0.00    1.0
6.250000000000    0.698131700798   0.00    1.0
6.250000000000    0.785398163397   0.00    1.0
6.250000000000    0.872664625997   0.00    1.0
6.250000000000    0.959931088597   0.00    1.0
6.250000000000    1.047197551197   0.00    1.0
6.250000000000    1.134464013796   0.00    1.0
6.250000000000    1.221730476396   0.00    1.0
6.250000000000    1.308996938996   0.00    1.0
6.250000000000    1.396263401595   0.00    1.0
6.250000000000    1.483529864195   0.00    1.0
6.250000000000    1.570796326795   0.00    1.0
